LGBMClassifier(application='binary', bagging_fraction=0.5055661157449294,
               feature_fraction=0.18067907925566848, learning_rate=0.05,
               max_depth=10, metric='auc', min_child_weight=47.42369264601568,
               min_split_gain=0.06974351473605518, n_estimators=3000,
               num_leaves=24, random_seed=6, reg_alpha=0.24903451277692473,
               reg_lambda=0.9353958364437036,
               scale_pos_weight=11.331338281062964, subsample=0.75, verbose=-1)